---------RESULTS----------
+------------+------------+------------+------------+------------+------------+------------+------------+------------+------------+------------+------------+------------+------------+------------+------------+------------+------------+------------+------------+------------+
|            |Vertex: 1                                                                                                                                                                                                                                           |
+------------+------------+------------+------------+------------+------------+------------+------------+------------+------------+------------+------------+------------+------------+------------+------------+------------+------------+------------+------------+------------+
|        Prob|        Res1|        Res2|        Res3|        Res4|        Res5|        Res6|        Res7|        Res8|        Res9|       Res10|       Res11|       Res12|       Res13|       Res14|       Res15|       Res16|       Res17|       Res18|       Res19|       Res20|
+------------+------------+------------+------------+------------+------------+------------+------------+------------+------------+------------+------------+------------+------------+------------+------------+------------+------------+------------+------------+------------+
|        0,05|      0,4753|      0,0008|      0,0004|      0,0004|      0,0004|      0,0004|      0,0004|      0,0004|      0,0004|      0,0004|      0,0004|      0,0004|      0,0004|      0,0003|      0,0004|      0,0004|      0,0004|      0,0003|      0,0004|      0,0003|
+------------+------------+------------+------------+------------+------------+------------+------------+------------+------------+------------+------------+------------+------------+------------+------------+------------+------------+------------+------------+------------+
|        0,10|      0,0004|      0,0003|      0,0003|      0,0004|      0,0004|      0,0004|      0,0004|      0,0008|      0,0007|      0,0007|      0,0006|      0,0005|      0,0005|      0,0003|      0,0004|      0,0004|      0,0005|      0,0005|      0,0004|      0,0005|
+------------+------------+------------+------------+------------+------------+------------+------------+------------+------------+------------+------------+------------+------------+------------+------------+------------+------------+------------+------------+------------+
|        0,20|      0,0007|      0,0004|      0,0004|      0,0007|      0,0005|      0,0007|      0,0007|      0,0006|      0,0006|      0,0006|      0,0004|      0,0005|      0,0004|      0,0006|      0,0005|      0,0005|      0,0007|      0,0003|      0,0006|      0,0004|
+------------+------------+------------+------------+------------+------------+------------+------------+------------+------------+------------+------------+------------+------------+------------+------------+------------+------------+------------+------------+------------+
|        0,40|      0,0004|      0,0005|      0,0004|      0,0003|      0,0004|      0,0005|      0,0006|      0,0004|      0,0004|      0,0004|      0,0004|      0,0007|      0,0007|      0,0004|      0,0004|      0,0004|      0,0004|      0,0004|      0,0004|      0,0004|
+------------+------------+------------+------------+------------+------------+------------+------------+------------+------------+------------+------------+------------+------------+------------+------------+------------+------------+------------+------------+------------+
|        0,50|      0,0007|      0,0005|      0,0004|      0,0006|      0,0006|      0,0006|      0,0006|      0,0007|      0,0005|      0,0006|      0,0007|      0,0006|      0,0007|      0,0006|      0,0008|      0,0005|      0,0005|      0,0009|      0,0006|      0,0005|
+------------+------------+------------+------------+------------+------------+------------+------------+------------+------------+------------+------------+------------+------------+------------+------------+------------+------------+------------+------------+------------+
|        0,75|      0,0006|      0,0006|      0,0005|      0,0005|      0,0005|      0,0006|      0,0006|      0,0006|      0,0005|      0,0007|      0,0007|      0,0007|      0,0007|      0,0006|      0,0006|      0,0006|      0,0006|      0,0006|      0,0006|      0,0006|
+------------+------------+------------+------------+------------+------------+------------+------------+------------+------------+------------+------------+------------+------------+------------+------------+------------+------------+------------+------------+------------+
|        1,00|      0,0005|      0,0005|      0,0005|      0,0006|      0,0025|      0,0007|      0,0005|      0,0005|      0,0006|      0,0006|      0,0007|      0,0006|      0,0006|      0,0005|      0,0006|      0,0006|      0,0005|      0,0004|      0,0005|      0,0006|
+------------+------------+------------+------------+------------+------------+------------+------------+------------+------------+------------+------------+------------+------------+------------+------------+------------+------------+------------+------------+------------+

+------------+------------+------------+------------+------------+------------+------------+------------+------------+------------+------------+------------+------------+------------+------------+------------+------------+------------+------------+------------+------------+
|            |Vertex: 10                                                                                                                                                                                                                                          |
+------------+------------+------------+------------+------------+------------+------------+------------+------------+------------+------------+------------+------------+------------+------------+------------+------------+------------+------------+------------+------------+
|        Prob|        Res1|        Res2|        Res3|        Res4|        Res5|        Res6|        Res7|        Res8|        Res9|       Res10|       Res11|       Res12|       Res13|       Res14|       Res15|       Res16|       Res17|       Res18|       Res19|       Res20|
+------------+------------+------------+------------+------------+------------+------------+------------+------------+------------+------------+------------+------------+------------+------------+------------+------------+------------+------------+------------+------------+
|        0,05|      0,0683|      0,0602|      0,0663|      0,0642|      0,0611|      0,0613|      0,0593|      0,0632|      0,0790|      0,0626|      0,0634|      0,0613|      0,0733|      0,0620|      0,0606|      0,0593|      0,0636|      0,0641|      0,0645|      0,0638|
+------------+------------+------------+------------+------------+------------+------------+------------+------------+------------+------------+------------+------------+------------+------------+------------+------------+------------+------------+------------+------------+
|        0,10|      0,0655|      0,2670|      0,0627|      0,0624|      0,0644|      0,0770|      0,0684|      0,0626|      0,0632|      0,0636|      0,0639|      0,0626|      0,0637|      0,0640|      0,0614|      0,0618|      0,0630|      0,0748|      0,1039|      0,0635|
+------------+------------+------------+------------+------------+------------+------------+------------+------------+------------+------------+------------+------------+------------+------------+------------+------------+------------+------------+------------+------------+
|        0,20|      0,0636|      0,0639|      0,0626|      0,0614|      0,4409|      0,0636|      0,0652|      0,0673|      0,0668|      0,0639|      0,0633|      0,0640|      0,0643|      0,0639|      0,1024|      0,0658|      0,0659|      0,0659|      0,0673|      0,0771|
+------------+------------+------------+------------+------------+------------+------------+------------+------------+------------+------------+------------+------------+------------+------------+------------+------------+------------+------------+------------+------------+
|        0,40|      0,0692|      0,0637|      0,0820|      0,0733|      0,0643|      0,0651|      0,0646|      0,0659|      0,0653|      0,0663|      0,0662|      0,0808|      0,0659|      0,0629|      0,1250|      0,0661|      0,0656|      0,0764|      0,0622|      0,0619|
+------------+------------+------------+------------+------------+------------+------------+------------+------------+------------+------------+------------+------------+------------+------------+------------+------------+------------+------------+------------+------------+
|        0,50|      0,0612|      0,0710|      0,0624|      0,0616|      0,0663|      0,0661|      0,0659|      0,0657|      0,1111|      0,0662|      0,0660|      0,0652|      0,0663|      0,0724|      0,0659|      0,0667|      0,0796|      0,0640|      0,0632|      0,0638|
+------------+------------+------------+------------+------------+------------+------------+------------+------------+------------+------------+------------+------------+------------+------------+------------+------------+------------+------------+------------+------------+
|        0,75|      0,0616|      0,0627|      0,1545|      0,0798|      0,0610|      0,1042|      0,0954|      0,1515|      0,0568|      0,0567|      0,0749|      0,0618|      0,0611|      0,0594|      0,0592|      0,0638|      0,0578|      0,0611|      0,0589|      0,1505|
+------------+------------+------------+------------+------------+------------+------------+------------+------------+------------+------------+------------+------------+------------+------------+------------+------------+------------+------------+------------+------------+
|        1,00|      0,0625|      0,0555|      0,0688|      0,0564|      0,0562|      0,0632|      0,0602|      0,0749|      0,0601|      0,1308|      0,0787|      0,1868|      0,0910|      0,1396|      0,0728|      0,0752|      0,0635|      0,0668|      0,0649|      0,0731|
+------------+------------+------------+------------+------------+------------+------------+------------+------------+------------+------------+------------+------------+------------+------------+------------+------------+------------+------------+------------+------------+

+------------+------------+------------+------------+------------+------------+------------+------------+------------+------------+------------+------------+------------+------------+------------+------------+------------+------------+------------+------------+------------+
|            |Vertex: 25                                                                                                                                                                                                                                          |
+------------+------------+------------+------------+------------+------------+------------+------------+------------+------------+------------+------------+------------+------------+------------+------------+------------+------------+------------+------------+------------+
|        Prob|        Res1|        Res2|        Res3|        Res4|        Res5|        Res6|        Res7|        Res8|        Res9|       Res10|       Res11|       Res12|       Res13|       Res14|       Res15|       Res16|       Res17|       Res18|       Res19|       Res20|
+------------+------------+------------+------------+------------+------------+------------+------------+------------+------------+------------+------------+------------+------------+------------+------------+------------+------------+------------+------------+------------+
|        0,05|      0,9589|      0,9684|      1,0179|      0,9537|      2,1187|      0,9134|      0,9360|      1,2576|      0,7995|      0,7205|      0,6638|      0,6718|      0,6207|      0,6261|      0,6406|      0,6277|      0,9263|      1,0347|      0,9573|      1,2983|
+------------+------------+------------+------------+------------+------------+------------+------------+------------+------------+------------+------------+------------+------------+------------+------------+------------+------------+------------+------------+------------+
|        0,10|      0,9142|      1,3182|      0,9097|      0,9305|      2,2782|      1,5907|      1,0223|      0,8308|      1,2750|      1,0406|      1,6623|      1,2282|      1,0182|      0,9378|      1,1794|      1,3100|      0,9117|      0,9111|      1,4480|      1,0331|
+------------+------------+------------+------------+------------+------------+------------+------------+------------+------------+------------+------------+------------+------------+------------+------------+------------+------------+------------+------------+------------+
|        0,20|      2,1244|      2,1134|      0,9762|      0,9219|      0,9769|      0,9417|      0,7883|      1,1145|      2,3663|      1,4838|      1,1012|      0,9484|      0,9332|      0,9285|      0,9594|      0,8698|      0,9968|      2,4703|      1,2566|      5,9077|
+------------+------------+------------+------------+------------+------------+------------+------------+------------+------------+------------+------------+------------+------------+------------+------------+------------+------------+------------+------------+------------+
|        0,40|      1,2077|      1,1292|     16,1254|      1,6068|      0,9442|      1,2051|      1,6727|      1,7009|      1,5380|      1,1189|      1,2654|      2,3173|      0,9573|      1,0194|      1,2684|      1,1717|      1,6298|      1,6751|      1,3407|      1,0184|
+------------+------------+------------+------------+------------+------------+------------+------------+------------+------------+------------+------------+------------+------------+------------+------------+------------+------------+------------+------------+------------+
|        0,50|      0,9620|      0,6928|      1,3412|      1,0940|      1,1079|      1,1332|      1,0139|      1,0463|      0,6862|      0,8420|      0,9610|      0,8418|      0,9584|      2,2152|      1,0728|      0,9797|      1,0221|      0,9666|      0,9928|      1,2678|
+------------+------------+------------+------------+------------+------------+------------+------------+------------+------------+------------+------------+------------+------------+------------+------------+------------+------------+------------+------------+------------+
|        0,75|      1,0460|      1,0185|      1,1358|      1,1601|      1,1954|      1,3349|      0,6910|      0,8711|      0,9556|      0,9339|      0,9335|      1,0742|      0,9446|      0,9751|      0,9588|      0,9178|      0,9501|      0,9688|      0,9758|      0,9918|
+------------+------------+------------+------------+------------+------------+------------+------------+------------+------------+------------+------------+------------+------------+------------+------------+------------+------------+------------+------------+------------+
|        1,00|      0,8168|      0,9569|      0,9184|      0,9073|      0,8632|      1,0563|      0,9775|      0,9625|      1,0128|      0,9950|      1,0326|      0,9389|      1,0054|      1,4243|      0,9278|      0,9418|      0,9758|      1,3771|      0,9017|      0,9590|
+------------+------------+------------+------------+------------+------------+------------+------------+------------+------------+------------+------------+------------+------------+------------+------------+------------+------------+------------+------------+------------+

+------------+------------+------------+------------+------------+------------+------------+------------+------------+------------+------------+------------+------------+------------+------------+------------+------------+------------+------------+------------+------------+
|            |Vertex: 50                                                                                                                                                                                                                                          |
+------------+------------+------------+------------+------------+------------+------------+------------+------------+------------+------------+------------+------------+------------+------------+------------+------------+------------+------------+------------+------------+
|        Prob|        Res1|        Res2|        Res3|        Res4|        Res5|        Res6|        Res7|        Res8|        Res9|       Res10|       Res11|       Res12|       Res13|       Res14|       Res15|       Res16|       Res17|       Res18|       Res19|       Res20|
+------------+------------+------------+------------+------------+------------+------------+------------+------------+------------+------------+------------+------------+------------+------------+------------+------------+------------+------------+------------+------------+
|        0,05|      8,9306|      7,6223|      5,3449|     15,3001|     21,1067|     11,6078|      8,4942|      9,5689|      8,6271|      7,8492|      6,9279|     11,3564|      8,6449|      8,7239|      8,9415|     15,5955|      8,3574|      8,4731|      8,5144|      7,7944|
+------------+------------+------------+------------+------------+------------+------------+------------+------------+------------+------------+------------+------------+------------+------------+------------+------------+------------+------------+------------+------------+
|        0,10|      7,8132|      8,1111|     10,2695|      7,9334|      6,1953|      8,3629|      7,9676|      5,2653|     18,1911|     12,0793|      9,4364|      8,4896|      6,0550|      4,9785|      7,6773|      6,1829|      5,3123|      8,1836|      9,6727|      8,3045|
+------------+------------+------------+------------+------------+------------+------------+------------+------------+------------+------------+------------+------------+------------+------------+------------+------------+------------+------------+------------+------------+
|        0,20|      8,0031|      7,6744|      8,7253|      7,6836|      8,2678|      6,2515|      7,8956|      7,1647|      7,5643|      7,9198|      6,2300|      7,5928|      5,3127|      4,8871|      8,0712|      5,4923|      8,1426|      7,3711|      6,9644|      7,6477|
+------------+------------+------------+------------+------------+------------+------------+------------+------------+------------+------------+------------+------------+------------+------------+------------+------------+------------+------------+------------+------------+
|        0,40|      8,6187|      6,3476|      7,5915|      8,0988|      8,7067|      5,8699|      7,3764|      5,4678|      7,5325|      7,3912|      4,8670|      5,4283|      5,7383|      7,1372|      5,6718|      8,0593|      5,7955|      5,3778|      7,2956|      8,6217|
+------------+------------+------------+------------+------------+------------+------------+------------+------------+------------+------------+------------+------------+------------+------------+------------+------------+------------+------------+------------+------------+
|        0,50|      9,7886|      7,7459|      7,9820|      8,4668|      9,6172|      8,1956|      9,1925|      7,5054|      5,2838|      6,2482|      5,2106|      5,7348|      7,9617|      8,0391|      5,2336|      5,9698|      7,7110|      4,9551|      6,2669|      7,5437|
+------------+------------+------------+------------+------------+------------+------------+------------+------------+------------+------------+------------+------------+------------+------------+------------+------------+------------+------------+------------+------------+
|        0,75|      6,5511|      8,4575|      8,1466|      5,9007|      5,1961|     13,8207|      9,2601|      6,6743|      8,3677|      6,8518|      5,4894|      7,9432|      5,4461|      8,1737|      6,8403|      7,5928|      7,7611|      7,1049|      7,3847|      7,2402|
+------------+------------+------------+------------+------------+------------+------------+------------+------------+------------+------------+------------+------------+------------+------------+------------+------------+------------+------------+------------+------------+
|        1,00|      8,3222|      7,3349|      7,4585|      7,5287|      8,3528|      6,7411|      5,2366|      5,1058|      5,9056|      5,1687|      7,2114|      5,1383|      4,8521|      5,0933|      7,8885|      4,7228|      4,9248|      4,5829|      4,9664|      6,6319|
+------------+------------+------------+------------+------------+------------+------------+------------+------------+------------+------------+------------+------------+------------+------------+------------+------------+------------+------------+------------+------------+

+------------+------------+------------+------------+------------+------------+------------+------------+------------+------------+------------+------------+------------+------------+------------+------------+------------+------------+------------+------------+------------+
|            |Vertex: 100                                                                                                                                                                                                                                         |
+------------+------------+------------+------------+------------+------------+------------+------------+------------+------------+------------+------------+------------+------------+------------+------------+------------+------------+------------+------------+------------+
|        Prob|        Res1|        Res2|        Res3|        Res4|        Res5|        Res6|        Res7|        Res8|        Res9|       Res10|       Res11|       Res12|       Res13|       Res14|       Res15|       Res16|       Res17|       Res18|       Res19|       Res20|
+------------+------------+------------+------------+------------+------------+------------+------------+------------+------------+------------+------------+------------+------------+------------+------------+------------+------------+------------+------------+------------+
|        0,05|     45,5431|     64,1210|     57,5693|     50,9432|     56,1065|     44,4668|     43,5291|     45,5334|     43,1775|     45,2238|     45,3650|     47,6127|     54,7376|     42,6235|     50,6152|     43,6146|     63,6341|     49,2816|     44,1494|     38,9686|
+------------+------------+------------+------------+------------+------------+------------+------------+------------+------------+------------+------------+------------+------------+------------+------------+------------+------------+------------+------------+------------+
|        0,10|     45,9721|     47,5339|     58,1599|     53,0732|     43,9027|     52,7819|     55,1395|     52,0037|     62,6165|     68,0238|     42,6186|     37,4242|     40,6300|     44,1951|     50,2634|     52,6539|     51,4714|     37,4455|     43,9524|     44,6259|
+------------+------------+------------+------------+------------+------------+------------+------------+------------+------------+------------+------------+------------+------------+------------+------------+------------+------------+------------+------------+------------+
|        0,20|     44,9501|     40,5278|     47,4136|     48,2518|     43,0774|     37,4922|     48,7681|     50,2436|     41,5261|     42,9161|     48,7051|     61,7076|     39,2654|     49,3844|     42,0676|     41,5829|     44,8172|     43,3722|     43,8527|     40,7745|
+------------+------------+------------+------------+------------+------------+------------+------------+------------+------------+------------+------------+------------+------------+------------+------------+------------+------------+------------+------------+------------+
|        0,40|     51,0907|     36,9218|     41,7465|     43,4164|     47,6865|     59,2467|     36,9581|     41,7126|     43,3007|     48,7944|     43,0243|     47,0040|     40,5608|     43,6015|     42,7574|     41,4927|     57,1562|     47,5834|     38,9088|     39,8325|
+------------+------------+------------+------------+------------+------------+------------+------------+------------+------------+------------+------------+------------+------------+------------+------------+------------+------------+------------+------------+------------+
|        0,50|     47,7653|     52,3336|     54,5724|     36,0553|     42,5150|     46,9834|     45,6297|     44,3689|     42,4959|     41,3708|     43,0605|     38,2265|     57,4627|     48,4525|     42,3675|     52,7944|     46,6907|     54,4377|     51,6866|     46,2725|
+------------+------------+------------+------------+------------+------------+------------+------------+------------+------------+------------+------------+------------+------------+------------+------------+------------+------------+------------+------------+------------+
|        0,75|     55,2126|     48,4046|     60,2545|     52,4380|     39,5545|     48,7373|     41,7580|     40,3613|     47,4574|     49,8271|     47,3169|     42,4275|     49,0437|     47,6441|     54,3996|     51,0507|     44,7862|     40,9772|     41,6728|     43,8906|
+------------+------------+------------+------------+------------+------------+------------+------------+------------+------------+------------+------------+------------+------------+------------+------------+------------+------------+------------+------------+------------+
|        1,00|     46,0360|     49,6846|     44,1149|     43,3776|     43,1799|     59,2723|     53,0249|     53,3566|     50,4809|     44,1488|     44,0632|     50,1631|     47,9696|     52,8590|     52,6453|     59,1368|     57,3272|     51,6624|     52,0817|     56,8485|
+------------+------------+------------+------------+------------+------------+------------+------------+------------+------------+------------+------------+------------+------------+------------+------------+------------+------------+------------+------------+------------+

